2021/01/25 22:22:30.044085 000.215 --- GONEOVIM STARTING ---
2021/01/25 22:22:30.044288 000.459 detecting home directory path
2021/01/25 22:22:30.045373 001.543 reading config
2021/01/25 22:22:30.045396 001.570 start    generating the application
2021/01/25 22:22:30.242868 199.016 finished generating the application
2021/01/25 22:22:30.242932 199.102 setting environment variable
2021/01/25 22:22:30.242957 199.131 set working directory path
2021/01/25 22:22:30.243189 199.356 initializing font
2021/01/25 22:22:30.243513 199.679 initializing svg images
2021/01/25 22:22:30.243577 199.746 initializing color palette
2021/01/25 22:22:30.243663 199.831 initializing notification UI
2021/01/25 22:22:30.243691 199.860 start    preparing the application window.
2021/01/25 22:22:30.277447 233.573 finished preparing the application window.
2021/01/25 22:22:30.278766 234.929 window layout done
2021/01/25 22:22:30.278808 234.981 done calculating the width of the font.
2021/01/25 22:22:30.278827 235.001 initialize workspace
2021/01/25 22:22:30.300602 256.750 initialazed UI components
2021/01/25 22:22:30.310079 266.233 assembled UI components
2021/01/25 22:22:30.310157 266.326 done initialazing workspaces
2021/01/25 22:22:30.310250 266.421 done connecting UI siganal
2021/01/25 22:22:30.310261 266.387 starting nvim
2021/01/25 22:22:30.310312 266.483 focused UI
2021/01/25 22:22:30.316166 272.283 done starting nvim
2021/01/25 22:22:30.316458 272.625 updating size of UI components
2021/01/25 22:22:30.316569 272.697 attaching UI
2021/01/25 22:22:30.400504 356.663 ui enter
2021/01/25 22:22:30.572899 529.055 vim enter
2021/01/25 22:22:30.586711 542.865 ui enter
2021/01/25 22:22:30.587782 543.948 start    option_set
2021/01/25 22:22:30.590340 546.504 finished option_set
2021/01/25 22:22:30.590381 546.544 start    default_colors_set
2021/01/25 22:22:30.590424 546.597 start    updating UI color
2021/01/25 22:22:30.592062 548.231 finished updating UI color
2021/01/25 22:22:30.592088 548.261 finished default_colors_set
2021/01/25 22:22:30.592101 548.276 start    hl_attr_define
2021/01/25 22:22:30.592217 548.390 finished hl_attr_define
2021/01/25 22:22:30.592233 548.407 start    hl_group_set
2021/01/25 22:22:30.592249 548.424 finished hl_group_set
2021/01/25 22:22:30.592261 548.436 start    hl_attr_define
2021/01/25 22:22:30.592275 548.450 finished hl_attr_define
2021/01/25 22:22:30.592287 548.462 start    hl_group_set
2021/01/25 22:22:30.592299 548.474 finished hl_group_set
2021/01/25 22:22:30.592310 548.485 start    hl_attr_define
2021/01/25 22:22:30.592323 548.498 finished hl_attr_define
2021/01/25 22:22:30.592335 548.510 start    hl_group_set
2021/01/25 22:22:30.592347 548.522 finished hl_group_set
2021/01/25 22:22:30.592358 548.533 start    hl_attr_define
2021/01/25 22:22:30.592371 548.546 finished hl_attr_define
2021/01/25 22:22:30.592382 548.558 start    hl_group_set
2021/01/25 22:22:30.592394 548.569 finished hl_group_set
2021/01/25 22:22:30.592405 548.580 start    hl_attr_define
2021/01/25 22:22:30.592425 548.599 finished hl_attr_define
2021/01/25 22:22:30.592437 548.613 start    hl_group_set
2021/01/25 22:22:30.592449 548.624 finished hl_group_set
2021/01/25 22:22:30.592461 548.636 start    hl_attr_define
2021/01/25 22:22:30.592476 548.650 finished hl_attr_define
2021/01/25 22:22:30.592487 548.663 start    hl_group_set
2021/01/25 22:22:30.592499 548.674 finished hl_group_set
2021/01/25 22:22:30.592510 548.685 start    hl_attr_define
2021/01/25 22:22:30.592525 548.699 finished hl_attr_define
2021/01/25 22:22:30.592536 548.712 start    hl_group_set
2021/01/25 22:22:30.592548 548.723 finished hl_group_set
2021/01/25 22:22:30.592559 548.734 start    hl_attr_define
2021/01/25 22:22:30.592573 548.748 finished hl_attr_define
2021/01/25 22:22:30.592585 548.760 start    hl_group_set
2021/01/25 22:22:30.592596 548.772 finished hl_group_set
2021/01/25 22:22:30.592607 548.783 start    hl_attr_define
2021/01/25 22:22:30.592621 548.796 finished hl_attr_define
2021/01/25 22:22:30.592632 548.808 start    hl_group_set
2021/01/25 22:22:30.592649 548.823 finished hl_group_set
2021/01/25 22:22:30.592687 548.861 start    hl_attr_define
2021/01/25 22:22:30.592703 548.878 finished hl_attr_define
2021/01/25 22:22:30.592715 548.890 start    hl_group_set
2021/01/25 22:22:30.592727 548.902 finished hl_group_set
2021/01/25 22:22:30.592738 548.913 start    hl_attr_define
2021/01/25 22:22:30.592751 548.926 finished hl_attr_define
2021/01/25 22:22:30.592763 548.938 start    hl_group_set
2021/01/25 22:22:30.592774 548.949 finished hl_group_set
2021/01/25 22:22:30.592785 548.960 start    hl_attr_define
2021/01/25 22:22:30.592798 548.973 finished hl_attr_define
2021/01/25 22:22:30.592810 548.985 start    hl_group_set
2021/01/25 22:22:30.592821 548.997 finished hl_group_set
2021/01/25 22:22:30.592833 549.008 start    hl_attr_define
2021/01/25 22:22:30.592846 549.021 finished hl_attr_define
2021/01/25 22:22:30.592860 549.035 start    hl_group_set
2021/01/25 22:22:30.592872 549.047 finished hl_group_set
2021/01/25 22:22:30.592884 549.059 start    hl_attr_define
2021/01/25 22:22:30.592897 549.072 finished hl_attr_define
2021/01/25 22:22:30.592909 549.084 start    hl_group_set
2021/01/25 22:22:30.592925 549.100 finished hl_group_set
2021/01/25 22:22:30.592937 549.113 start    hl_attr_define
2021/01/25 22:22:30.592951 549.126 finished hl_attr_define
2021/01/25 22:22:30.592968 549.138 start    hl_group_set
2021/01/25 22:22:30.592981 549.156 finished hl_group_set
2021/01/25 22:22:30.592993 549.168 start    hl_attr_define
2021/01/25 22:22:30.593007 549.182 finished hl_attr_define
2021/01/25 22:22:30.593028 549.204 start    hl_group_set
2021/01/25 22:22:30.593040 549.215 finished hl_group_set
2021/01/25 22:22:30.593052 549.227 start    hl_attr_define
2021/01/25 22:22:30.593065 549.240 finished hl_attr_define
2021/01/25 22:22:30.593077 549.252 start    hl_group_set
2021/01/25 22:22:30.593089 549.264 finished hl_group_set
2021/01/25 22:22:30.593109 549.284 start    hl_attr_define
2021/01/25 22:22:30.593122 549.297 finished hl_attr_define
2021/01/25 22:22:30.593134 549.309 start    hl_group_set
2021/01/25 22:22:30.593145 549.320 finished hl_group_set
2021/01/25 22:22:30.593156 549.331 start    hl_attr_define
2021/01/25 22:22:30.593170 549.345 finished hl_attr_define
2021/01/25 22:22:30.593181 549.356 start    hl_group_set
2021/01/25 22:22:30.593192 549.368 finished hl_group_set
2021/01/25 22:22:30.593203 549.379 start    hl_attr_define
2021/01/25 22:22:30.593216 549.392 finished hl_attr_define
2021/01/25 22:22:30.593228 549.403 start    hl_group_set
2021/01/25 22:22:30.593239 549.414 finished hl_group_set
2021/01/25 22:22:30.593250 549.425 start    hl_attr_define
2021/01/25 22:22:30.593263 549.438 finished hl_attr_define
2021/01/25 22:22:30.593275 549.450 start    hl_group_set
2021/01/25 22:22:30.593287 549.462 finished hl_group_set
2021/01/25 22:22:30.593298 549.473 start    hl_attr_define
2021/01/25 22:22:30.593311 549.486 finished hl_attr_define
2021/01/25 22:22:30.593323 549.498 start    hl_group_set
2021/01/25 22:22:30.593334 549.509 finished hl_group_set
2021/01/25 22:22:30.593345 549.520 start    hl_attr_define
2021/01/25 22:22:30.593358 549.533 finished hl_attr_define
2021/01/25 22:22:30.593370 549.545 start    hl_group_set
2021/01/25 22:22:30.593382 549.557 finished hl_group_set
2021/01/25 22:22:30.593393 549.568 start    hl_attr_define
2021/01/25 22:22:30.593406 549.581 finished hl_attr_define
2021/01/25 22:22:30.593417 549.592 start    hl_group_set
2021/01/25 22:22:30.593428 549.604 finished hl_group_set
2021/01/25 22:22:30.593439 549.615 start    hl_attr_define
2021/01/25 22:22:30.593453 549.628 finished hl_attr_define
2021/01/25 22:22:30.593464 549.640 start    hl_group_set
2021/01/25 22:22:30.593476 549.651 finished hl_group_set
2021/01/25 22:22:30.593494 549.668 start    hl_attr_define
2021/01/25 22:22:30.593509 549.683 finished hl_attr_define
2021/01/25 22:22:30.593521 549.696 start    hl_group_set
2021/01/25 22:22:30.593533 549.708 finished hl_group_set
2021/01/25 22:22:30.593544 549.719 start    hl_attr_define
2021/01/25 22:22:30.593560 549.733 finished hl_attr_define
2021/01/25 22:22:30.593572 549.748 start    hl_group_set
2021/01/25 22:22:30.593604 549.779 finished hl_group_set
2021/01/25 22:22:30.593617 549.792 start    hl_attr_define
2021/01/25 22:22:30.593631 549.806 finished hl_attr_define
2021/01/25 22:22:30.593643 549.818 start    hl_group_set
2021/01/25 22:22:30.593655 549.830 finished hl_group_set
2021/01/25 22:22:30.593666 549.842 start    hl_attr_define
2021/01/25 22:22:30.593680 549.855 finished hl_attr_define
2021/01/25 22:22:30.593691 549.867 start    hl_group_set
2021/01/25 22:22:30.593703 549.878 finished hl_group_set
2021/01/25 22:22:30.593714 549.889 start    hl_attr_define
2021/01/25 22:22:30.593727 549.902 finished hl_attr_define
2021/01/25 22:22:30.593739 549.914 start    hl_group_set
2021/01/25 22:22:30.593750 549.926 finished hl_group_set
2021/01/25 22:22:30.593761 549.937 start    hl_attr_define
2021/01/25 22:22:30.593775 549.950 finished hl_attr_define
2021/01/25 22:22:30.593786 549.961 start    hl_group_set
2021/01/25 22:22:30.593800 549.975 finished hl_group_set
2021/01/25 22:22:30.593811 549.986 start    hl_attr_define
2021/01/25 22:22:30.593825 550.000 finished hl_attr_define
2021/01/25 22:22:30.593836 550.011 start    hl_group_set
2021/01/25 22:22:30.593848 550.023 finished hl_group_set
2021/01/25 22:22:30.593859 550.034 start    hl_attr_define
2021/01/25 22:22:30.593872 550.047 finished hl_attr_define
2021/01/25 22:22:30.593883 550.059 start    hl_group_set
2021/01/25 22:22:30.593895 550.070 finished hl_group_set
2021/01/25 22:22:30.593906 550.081 start    hl_attr_define
2021/01/25 22:22:30.593919 550.095 finished hl_attr_define
2021/01/25 22:22:30.593931 550.106 start    hl_group_set
2021/01/25 22:22:30.593942 550.118 finished hl_group_set
2021/01/25 22:22:30.593953 550.129 start    hl_attr_define
2021/01/25 22:22:30.593966 550.142 finished hl_attr_define
2021/01/25 22:22:30.593978 550.153 start    hl_group_set
2021/01/25 22:22:30.593989 550.165 finished hl_group_set
2021/01/25 22:22:30.594000 550.176 start    hl_attr_define
2021/01/25 22:22:30.594020 550.194 finished hl_attr_define
2021/01/25 22:22:30.594033 550.208 start    hl_group_set
2021/01/25 22:22:30.594045 550.220 finished hl_group_set
2021/01/25 22:22:30.594056 550.231 start    hl_attr_define
2021/01/25 22:22:30.594069 550.244 finished hl_attr_define
2021/01/25 22:22:30.594081 550.256 start    hl_group_set
2021/01/25 22:22:30.594092 550.268 finished hl_group_set
2021/01/25 22:22:30.594103 550.279 start    hl_attr_define
2021/01/25 22:22:30.594117 550.292 finished hl_attr_define
2021/01/25 22:22:30.594128 550.303 start    hl_group_set
2021/01/25 22:22:30.594139 550.315 finished hl_group_set
2021/01/25 22:22:30.594150 550.326 start    hl_attr_define
2021/01/25 22:22:30.594164 550.339 finished hl_attr_define
2021/01/25 22:22:30.594176 550.351 start    hl_group_set
2021/01/25 22:22:30.594187 550.362 finished hl_group_set
2021/01/25 22:22:30.594198 550.374 start    hl_attr_define
2021/01/25 22:22:30.594211 550.387 finished hl_attr_define
2021/01/25 22:22:30.594223 550.398 start    hl_group_set
2021/01/25 22:22:30.594235 550.410 finished hl_group_set
2021/01/25 22:22:30.594246 550.421 start    hl_attr_define
2021/01/25 22:22:30.594259 550.434 finished hl_attr_define
2021/01/25 22:22:30.594270 550.446 start    hl_group_set
2021/01/25 22:22:30.594282 550.457 finished hl_group_set
2021/01/25 22:22:30.594312 550.487 start    hl_attr_define
2021/01/25 22:22:30.594339 550.510 finished hl_attr_define
2021/01/25 22:22:30.594369 550.541 start    hl_group_set
2021/01/25 22:22:30.594403 550.574 finished hl_group_set
2021/01/25 22:22:30.594443 550.615 start    hl_attr_define
2021/01/25 22:22:30.594465 550.638 finished hl_attr_define
2021/01/25 22:22:30.594494 550.656 start    hl_group_set
2021/01/25 22:22:30.594523 550.695 finished hl_group_set
2021/01/25 22:22:30.594588 550.722 start    hl_attr_define
2021/01/25 22:22:30.594610 550.783 finished hl_attr_define
2021/01/25 22:22:30.594624 550.798 start    hl_group_set
2021/01/25 22:22:30.594678 550.830 finished hl_group_set
2021/01/25 22:22:30.594701 550.872 start    hl_attr_define
2021/01/25 22:22:30.594740 550.913 finished hl_attr_define
2021/01/25 22:22:30.594754 550.929 start    hl_group_set
2021/01/25 22:22:30.594767 550.942 finished hl_group_set
2021/01/25 22:22:30.594778 550.954 start    hl_attr_define
2021/01/25 22:22:30.594793 550.968 finished hl_attr_define
2021/01/25 22:22:30.594805 550.980 start    hl_group_set
2021/01/25 22:22:30.594817 550.992 finished hl_group_set
2021/01/25 22:22:30.594829 551.004 start    hl_attr_define
2021/01/25 22:22:30.594842 551.017 finished hl_attr_define
2021/01/25 22:22:30.594863 551.038 start    hl_group_set
2021/01/25 22:22:30.594874 551.050 finished hl_group_set
2021/01/25 22:22:30.594885 551.061 start    hl_attr_define
2021/01/25 22:22:30.594899 551.074 finished hl_attr_define
2021/01/25 22:22:30.594910 551.086 start    hl_group_set
2021/01/25 22:22:30.594922 551.097 finished hl_group_set
2021/01/25 22:22:30.594933 551.109 start    hl_attr_define
2021/01/25 22:22:30.594946 551.121 finished hl_attr_define
2021/01/25 22:22:30.594958 551.133 start    hl_group_set
2021/01/25 22:22:30.594969 551.144 finished hl_group_set
2021/01/25 22:22:30.594980 551.156 start    option_set
2021/01/25 22:22:30.594997 551.168 finished option_set
2021/01/25 22:22:30.595009 551.184 start    default_colors_set
2021/01/25 22:22:30.595022 551.197 finished default_colors_set
2021/01/25 22:22:30.595033 551.209 start    grid_resize
2021/01/25 22:22:30.596054 552.224 finished grid_resize
2021/01/25 22:22:30.596075 552.249 start    grid_clear
2021/01/25 22:22:30.596130 552.304 finished grid_clear
2021/01/25 22:22:30.596145 552.320 start    option_set
2021/01/25 22:22:30.596157 552.332 finished option_set
2021/01/25 22:22:30.596168 552.344 start    grid_resize
2021/01/25 22:22:30.596606 552.776 finished grid_resize
2021/01/25 22:22:30.596626 552.801 start    msg_set_pos
2021/01/25 22:22:30.596681 552.853 finished msg_set_pos
2021/01/25 22:22:30.596697 552.872 start    grid_line
2021/01/25 22:22:30.596747 552.921 finished grid_line
2021/01/25 22:22:30.596761 552.936 start    default_colors_set
2021/01/25 22:22:30.596774 552.949 finished default_colors_set
2021/01/25 22:22:30.596788 552.960 start    hl_attr_define
2021/01/25 22:22:30.596841 553.015 finished hl_attr_define
2021/01/25 22:22:30.596854 553.029 start    default_colors_set
2021/01/25 22:22:30.596881 553.056 start    updating UI color
2021/01/25 22:22:30.597930 554.100 finished updating UI color
2021/01/25 22:22:30.597951 554.125 finished default_colors_set
2021/01/25 22:22:30.597964 554.139 start    hl_attr_define
2021/01/25 22:22:30.598217 554.390 finished hl_attr_define
2021/01/25 22:22:30.598233 554.408 start    option_set
2021/01/25 22:22:30.598283 554.457 finished option_set
2021/01/25 22:22:30.598297 554.472 start    hl_attr_define
2021/01/25 22:22:30.598342 554.516 finished hl_attr_define
2021/01/25 22:22:30.598355 554.530 start    hl_group_set
2021/01/25 22:22:30.598367 554.542 finished hl_group_set
2021/01/25 22:22:30.598378 554.553 start    hl_attr_define
2021/01/25 22:22:30.598421 554.596 finished hl_attr_define
2021/01/25 22:22:30.598434 554.610 start    hl_group_set
2021/01/25 22:22:30.598446 554.621 finished hl_group_set
2021/01/25 22:22:30.598457 554.633 start    hl_attr_define
2021/01/25 22:22:30.598500 554.675 finished hl_attr_define
2021/01/25 22:22:30.598513 554.689 start    hl_group_set
2021/01/25 22:22:30.598525 554.701 finished hl_group_set
2021/01/25 22:22:30.598537 554.712 start    hl_attr_define
2021/01/25 22:22:30.598579 554.754 finished hl_attr_define
2021/01/25 22:22:30.598592 554.768 start    hl_group_set
2021/01/25 22:22:30.598604 554.779 finished hl_group_set
2021/01/25 22:22:30.598615 554.790 start    hl_attr_define
2021/01/25 22:22:30.598658 554.832 finished hl_attr_define
2021/01/25 22:22:30.598670 554.846 start    hl_group_set
2021/01/25 22:22:30.598682 554.857 finished hl_group_set
2021/01/25 22:22:30.598693 554.868 start    hl_attr_define
2021/01/25 22:22:30.598749 554.921 finished hl_attr_define
2021/01/25 22:22:30.598788 554.960 start    hl_group_set
2021/01/25 22:22:30.598806 554.981 finished hl_group_set
2021/01/25 22:22:30.598835 555.009 start    hl_attr_define
2021/01/25 22:22:30.598880 555.055 finished hl_attr_define
2021/01/25 22:22:30.598894 555.069 start    hl_group_set
2021/01/25 22:22:30.598906 555.081 finished hl_group_set
2021/01/25 22:22:30.598917 555.092 start    hl_attr_define
2021/01/25 22:22:30.598960 555.135 finished hl_attr_define
2021/01/25 22:22:30.598973 555.148 start    hl_group_set
2021/01/25 22:22:30.598985 555.160 finished hl_group_set
2021/01/25 22:22:30.598996 555.171 start    hl_attr_define
2021/01/25 22:22:30.599039 555.214 finished hl_attr_define
2021/01/25 22:22:30.599052 555.227 start    hl_group_set
2021/01/25 22:22:30.599063 555.239 finished hl_group_set
2021/01/25 22:22:30.599074 555.250 start    hl_attr_define
2021/01/25 22:22:30.599117 555.292 finished hl_attr_define
2021/01/25 22:22:30.599130 555.305 start    hl_group_set
2021/01/25 22:22:30.599142 555.317 finished hl_group_set
2021/01/25 22:22:30.599153 555.328 start    hl_attr_define
2021/01/25 22:22:30.599196 555.370 finished hl_attr_define
2021/01/25 22:22:30.599214 555.384 start    hl_group_set
2021/01/25 22:22:30.599228 555.402 finished hl_group_set
2021/01/25 22:22:30.599251 555.426 start    hl_attr_define
2021/01/25 22:22:30.599297 555.471 finished hl_attr_define
2021/01/25 22:22:30.599310 555.485 start    hl_group_set
2021/01/25 22:22:30.599322 555.497 finished hl_group_set
2021/01/25 22:22:30.599374 555.540 start    hl_attr_define
2021/01/25 22:22:30.599444 555.614 finished hl_attr_define
2021/01/25 22:22:30.599470 555.641 start    hl_group_set
2021/01/25 22:22:30.599494 555.665 finished hl_group_set
2021/01/25 22:22:30.599515 555.687 start    hl_attr_define
2021/01/25 22:22:30.599589 555.754 finished hl_attr_define
2021/01/25 22:22:30.599627 555.792 start    hl_group_set
2021/01/25 22:22:30.599663 555.831 finished hl_group_set
2021/01/25 22:22:30.599687 555.858 start    hl_attr_define
2021/01/25 22:22:30.599767 555.936 finished hl_attr_define
2021/01/25 22:22:30.599805 555.973 start    hl_group_set
2021/01/25 22:22:30.599877 556.025 finished hl_group_set
2021/01/25 22:22:30.599913 556.081 start    hl_attr_define
2021/01/25 22:22:30.599987 556.157 finished hl_attr_define
2021/01/25 22:22:30.600013 556.183 start    hl_group_set
2021/01/25 22:22:30.600036 556.207 finished hl_group_set
2021/01/25 22:22:30.600058 556.230 start    hl_attr_define
2021/01/25 22:22:30.600143 556.308 finished hl_attr_define
2021/01/25 22:22:30.600172 556.342 start    hl_group_set
2021/01/25 22:22:30.600196 556.367 finished hl_group_set
2021/01/25 22:22:30.600215 556.387 start    hl_attr_define
2021/01/25 22:22:30.600298 556.464 finished hl_attr_define
2021/01/25 22:22:30.600340 556.502 start    hl_group_set
2021/01/25 22:22:30.600376 556.544 finished hl_group_set
2021/01/25 22:22:30.600399 556.571 start    hl_attr_define
2021/01/25 22:22:30.600489 556.651 finished hl_attr_define
2021/01/25 22:22:30.600526 556.693 start    hl_group_set
2021/01/25 22:22:30.600552 556.723 finished hl_group_set
2021/01/25 22:22:30.600573 556.745 start    hl_attr_define
2021/01/25 22:22:30.600639 556.808 finished hl_attr_define
2021/01/25 22:22:30.600664 556.835 start    hl_group_set
2021/01/25 22:22:30.600689 556.860 finished hl_group_set
2021/01/25 22:22:30.600720 556.887 start    hl_attr_define
2021/01/25 22:22:30.600796 556.962 finished hl_attr_define
2021/01/25 22:22:30.600825 556.996 start    hl_group_set
2021/01/25 22:22:30.600850 557.020 finished hl_group_set
2021/01/25 22:22:30.600872 557.043 start    hl_attr_define
2021/01/25 22:22:30.600930 557.102 finished hl_attr_define
2021/01/25 22:22:30.600946 557.121 start    hl_group_set
2021/01/25 22:22:30.600962 557.134 finished hl_group_set
2021/01/25 22:22:30.600982 557.155 start    hl_attr_define
2021/01/25 22:22:30.601041 557.213 finished hl_attr_define
2021/01/25 22:22:30.601062 557.232 start    hl_group_set
2021/01/25 22:22:30.601085 557.256 finished hl_group_set
2021/01/25 22:22:30.601099 557.274 start    hl_attr_define
2021/01/25 22:22:30.601146 557.318 finished hl_attr_define
2021/01/25 22:22:30.601167 557.339 start    hl_group_set
2021/01/25 22:22:30.601203 557.377 finished hl_group_set
2021/01/25 22:22:30.601215 557.390 start    hl_attr_define
2021/01/25 22:22:30.601260 557.435 finished hl_attr_define
2021/01/25 22:22:30.601274 557.449 start    hl_group_set
2021/01/25 22:22:30.601286 557.461 finished hl_group_set
2021/01/25 22:22:30.601302 557.475 start    hl_attr_define
2021/01/25 22:22:30.601355 557.528 finished hl_attr_define
2021/01/25 22:22:30.601379 557.548 start    hl_group_set
2021/01/25 22:22:30.601397 557.572 finished hl_group_set
2021/01/25 22:22:30.601409 557.584 start    hl_attr_define
2021/01/25 22:22:30.601455 557.629 finished hl_attr_define
2021/01/25 22:22:30.601475 557.643 start    hl_group_set
2021/01/25 22:22:30.601490 557.664 finished hl_group_set
2021/01/25 22:22:30.601509 557.681 start    hl_attr_define
2021/01/25 22:22:30.601565 557.736 finished hl_attr_define
2021/01/25 22:22:30.601582 557.757 start    hl_group_set
2021/01/25 22:22:30.601595 557.770 finished hl_group_set
2021/01/25 22:22:30.601607 557.782 start    hl_attr_define
2021/01/25 22:22:30.601658 557.830 finished hl_attr_define
2021/01/25 22:22:30.601675 557.849 start    hl_group_set
2021/01/25 22:22:30.601688 557.862 finished hl_group_set
2021/01/25 22:22:30.601710 557.882 start    hl_attr_define
2021/01/25 22:22:30.601792 557.961 finished hl_attr_define
2021/01/25 22:22:30.601822 557.993 start    hl_group_set
2021/01/25 22:22:30.601856 558.020 finished hl_group_set
2021/01/25 22:22:30.601891 558.059 start    hl_attr_define
2021/01/25 22:22:30.601974 558.142 finished hl_attr_define
2021/01/25 22:22:30.602002 558.173 start    hl_group_set
2021/01/25 22:22:30.602030 558.197 finished hl_group_set
2021/01/25 22:22:30.602052 558.224 start    hl_attr_define
2021/01/25 22:22:30.602116 558.286 finished hl_attr_define
2021/01/25 22:22:30.602139 558.311 start    hl_group_set
2021/01/25 22:22:30.602159 558.332 finished hl_group_set
2021/01/25 22:22:30.602177 558.350 start    hl_attr_define
2021/01/25 22:22:30.602249 558.417 finished hl_attr_define
2021/01/25 22:22:30.602276 558.447 start    hl_group_set
2021/01/25 22:22:30.602300 558.471 finished hl_group_set
2021/01/25 22:22:30.602321 558.494 start    hl_attr_define
2021/01/25 22:22:30.602383 558.556 finished hl_attr_define
2021/01/25 22:22:30.602406 558.582 start    hl_group_set
2021/01/25 22:22:30.602432 558.607 finished hl_group_set
2021/01/25 22:22:30.602446 558.620 start    hl_attr_define
2021/01/25 22:22:30.602492 558.666 finished hl_attr_define
2021/01/25 22:22:30.602505 558.680 start    hl_group_set
2021/01/25 22:22:30.602517 558.692 finished hl_group_set
2021/01/25 22:22:30.602537 558.713 start    hl_attr_define
2021/01/25 22:22:30.602581 558.756 finished hl_attr_define
2021/01/25 22:22:30.602594 558.769 start    hl_group_set
2021/01/25 22:22:30.602606 558.781 finished hl_group_set
2021/01/25 22:22:30.602617 558.792 start    hl_attr_define
2021/01/25 22:22:30.602660 558.834 finished hl_attr_define
2021/01/25 22:22:30.602672 558.848 start    hl_group_set
2021/01/25 22:22:30.602684 558.859 finished hl_group_set
2021/01/25 22:22:30.602695 558.870 start    hl_attr_define
2021/01/25 22:22:30.602738 558.913 finished hl_attr_define
2021/01/25 22:22:30.602751 558.926 start    hl_group_set
2021/01/25 22:22:30.602762 558.938 finished hl_group_set
2021/01/25 22:22:30.602773 558.949 start    hl_attr_define
2021/01/25 22:22:30.602817 558.991 finished hl_attr_define
2021/01/25 22:22:30.602830 559.005 start    hl_group_set
2021/01/25 22:22:30.602841 559.016 finished hl_group_set
2021/01/25 22:22:30.602852 559.027 start    hl_attr_define
2021/01/25 22:22:30.602895 559.070 finished hl_attr_define
2021/01/25 22:22:30.602908 559.083 start    hl_group_set
2021/01/25 22:22:30.602920 559.095 finished hl_group_set
2021/01/25 22:22:30.602931 559.106 start    hl_attr_define
2021/01/25 22:22:30.602974 559.148 finished hl_attr_define
2021/01/25 22:22:30.602986 559.162 start    hl_group_set
2021/01/25 22:22:30.602998 559.173 finished hl_group_set
2021/01/25 22:22:30.603009 559.184 start    hl_attr_define
2021/01/25 22:22:30.603077 559.243 finished hl_attr_define
2021/01/25 22:22:30.603092 559.267 start    hl_group_set
2021/01/25 22:22:30.603104 559.280 finished hl_group_set
2021/01/25 22:22:30.603116 559.291 start    hl_attr_define
2021/01/25 22:22:30.603159 559.333 finished hl_attr_define
2021/01/25 22:22:30.603178 559.347 start    hl_group_set
2021/01/25 22:22:30.603191 559.366 finished hl_group_set
2021/01/25 22:22:30.603203 559.378 start    option_set
2021/01/25 22:22:30.603215 559.390 finished option_set
2021/01/25 22:22:30.603226 559.402 start    hl_attr_define
2021/01/25 22:22:30.603467 559.639 finished hl_attr_define
2021/01/25 22:22:30.603482 559.657 start    default_colors_set
2021/01/25 22:22:30.603507 559.682 start    updating UI color
2021/01/25 22:22:30.604696 560.866 finished updating UI color
2021/01/25 22:22:30.604718 560.892 finished default_colors_set
2021/01/25 22:22:30.604731 560.906 start    hl_attr_define
2021/01/25 22:22:30.604787 560.961 finished hl_attr_define
2021/01/25 22:22:30.604801 560.976 start    hl_group_set
2021/01/25 22:22:30.604817 560.993 finished hl_group_set
2021/01/25 22:22:30.604829 561.004 start    hl_attr_define
2021/01/25 22:22:30.604872 561.047 finished hl_attr_define
2021/01/25 22:22:30.604885 561.061 start    hl_group_set
2021/01/25 22:22:30.604897 561.072 finished hl_group_set
2021/01/25 22:22:30.604908 561.084 start    hl_attr_define
2021/01/25 22:22:30.604952 561.126 finished hl_attr_define
2021/01/25 22:22:30.604965 561.140 start    hl_group_set
2021/01/25 22:22:30.604976 561.151 finished hl_group_set
2021/01/25 22:22:30.604996 561.163 start    hl_attr_define
2021/01/25 22:22:30.605042 561.216 finished hl_attr_define
2021/01/25 22:22:30.605055 561.230 start    hl_group_set
2021/01/25 22:22:30.605067 561.242 finished hl_group_set
2021/01/25 22:22:30.605078 561.253 start    hl_attr_define
2021/01/25 22:22:30.605121 561.295 finished hl_attr_define
2021/01/25 22:22:30.605134 561.309 start    hl_group_set
2021/01/25 22:22:30.605147 561.322 finished hl_group_set
2021/01/25 22:22:30.605158 561.333 start    hl_attr_define
2021/01/25 22:22:30.605201 561.375 finished hl_attr_define
2021/01/25 22:22:30.605214 561.389 start    hl_group_set
2021/01/25 22:22:30.605236 561.411 finished hl_group_set
2021/01/25 22:22:30.605250 561.422 start    hl_attr_define
2021/01/25 22:22:30.605353 561.526 finished hl_attr_define
2021/01/25 22:22:30.605371 561.545 start    hl_group_set
2021/01/25 22:22:30.605384 561.559 finished hl_group_set
2021/01/25 22:22:30.605395 561.571 start    hl_attr_define
2021/01/25 22:22:30.605449 561.623 finished hl_attr_define
2021/01/25 22:22:30.605462 561.637 start    default_colors_set
2021/01/25 22:22:30.605485 561.659 start    updating UI color
2021/01/25 22:22:30.606652 562.822 finished updating UI color
2021/01/25 22:22:30.606675 562.849 finished default_colors_set
2021/01/25 22:22:30.606689 562.864 start    hl_attr_define
2021/01/25 22:22:30.606740 562.914 finished hl_attr_define
2021/01/25 22:22:30.606754 562.929 start    win_viewport
2021/01/25 22:22:30.606772 562.947 finished win_viewport
2021/01/25 22:22:30.606784 562.959 start    hl_group_set
2021/01/25 22:22:30.606804 562.979 finished hl_group_set
2021/01/25 22:22:30.606816 562.991 start    grid_line
2021/01/25 22:22:30.606855 563.029 finished grid_line
2021/01/25 22:22:30.606869 563.044 start    tabline_update
2021/01/25 22:22:30.623939 580.098 finished tabline_update
2021/01/25 22:22:30.623982 580.151 start    grid_resize
2021/01/25 22:22:30.624527 580.696 finished grid_resize
2021/01/25 22:22:30.624551 580.725 start    grid_line
2021/01/25 22:22:30.625500 581.669 finished grid_line
2021/01/25 22:22:30.625525 581.698 start    set_icon
2021/01/25 22:22:30.625538 581.713 finished set_icon
2021/01/25 22:22:30.625550 581.725 start    set_title
2021/01/25 22:22:30.626488 582.657 finished set_title
2021/01/25 22:22:30.626513 582.687 start    win_pos
2021/01/25 22:22:30.626571 582.743 finished win_pos
2021/01/25 22:22:30.626590 582.764 start    win_viewport
2021/01/25 22:22:30.626604 582.779 finished win_viewport
2021/01/25 22:22:30.626638 582.812 start    grid_cursor_goto
2021/01/25 22:22:30.626657 582.831 finished grid_cursor_goto
2021/01/25 22:22:30.626670 582.845 start    mode_info_set
2021/01/25 22:22:30.626769 582.940 finished mode_info_set
2021/01/25 22:22:30.626788 582.962 start    mode_change
2021/01/25 22:22:30.626816 582.990 finished mode_change
2021/01/25 22:22:30.626831 583.006 start    mouse_on
2021/01/25 22:22:30.626843 583.018 finished mouse_on
2021/01/25 22:22:30.626856 583.031 start    flush
2021/01/25 22:22:30.626984 583.155 finished flush
2021/01/25 22:22:30.627014 583.188 start    grid_cursor_goto
2021/01/25 22:22:30.627899 584.069 finished grid_cursor_goto
2021/01/25 22:22:30.627922 584.095 start    flush
2021/01/25 22:22:30.627980 584.152 finished flush
2021/01/25 22:22:30.630710 586.866 start creating word cache: [    ]                                                                            0,0-1
2021/01/25 22:22:30.647464 603.622 finished creating word cache: [    ]                                                                            0,0-1
2021/01/25 22:22:30.647590 603.758 start creating word cache: 無
2021/01/25 22:22:30.681194 637.323 finished creating word cache: 無
2021/01/25 22:22:30.681260 637.429 start creating word cache: 名
2021/01/25 22:22:30.681594 637.757 finished creating word cache: 名
2021/01/25 22:22:30.681632 637.804 start creating word cache: 全
2021/01/25 22:22:30.681933 638.101 finished creating word cache: 全
2021/01/25 22:22:30.681968 638.141 start creating word cache: て
2021/01/25 22:22:30.682206 638.376 finished creating word cache: て
2021/01/25 22:22:30.683380 639.536 start creating word cache:   1
2021/01/25 22:22:30.683711 639.876 finished creating word cache:   1
2021/01/25 22:22:30.683765 639.937 start creating word cache: ~
2021/01/25 22:22:30.683971 640.141 finished creating word cache: ~
2021/01/25 22:22:30.690048 646.206 start    option_set
2021/01/25 22:22:30.690101 646.272 finished option_set
2021/01/25 22:22:30.690121 646.295 start    default_colors_set
2021/01/25 22:22:30.690139 646.314 finished default_colors_set
2021/01/25 22:22:30.690154 646.328 start    grid_resize
2021/01/25 22:22:30.690283 646.454 finished grid_resize
2021/01/25 22:22:30.690304 646.478 start    grid_clear
2021/01/25 22:22:30.690338 646.512 finished grid_clear
2021/01/25 22:22:30.690354 646.528 start    grid_resize
2021/01/25 22:22:30.690488 646.659 finished grid_resize
2021/01/25 22:22:30.690507 646.681 start    msg_set_pos
2021/01/25 22:22:30.690551 646.723 finished msg_set_pos
2021/01/25 22:22:30.690568 646.742 start    win_pos
2021/01/25 22:22:30.690603 646.776 finished win_pos
2021/01/25 22:22:30.690620 646.794 start    win_viewport
2021/01/25 22:22:30.690639 646.813 finished win_viewport
2021/01/25 22:22:30.690652 646.827 start    tabline_update
2021/01/25 22:22:30.696798 652.948 finished tabline_update
2021/01/25 22:22:30.696905 653.071 start    grid_resize
2021/01/25 22:22:30.697367 653.515 finished grid_resize
2021/01/25 22:22:30.697463 653.627 start    grid_line
2021/01/25 22:22:30.697601 653.765 finished grid_line
2021/01/25 22:22:30.697669 653.836 start    win_viewport
2021/01/25 22:22:30.697764 653.929 finished win_viewport
2021/01/25 22:22:30.697825 653.991 start    grid_cursor_goto
2021/01/25 22:22:30.697886 654.050 finished grid_cursor_goto
2021/01/25 22:22:30.697935 654.103 start    flush
2021/01/25 22:22:30.698201 654.359 finished flush
2021/01/25 22:22:30.698317 654.482 start    mode_info_set
2021/01/25 22:22:30.698459 654.625 finished mode_info_set
2021/01/25 22:22:30.698509 654.678 start    mode_change
2021/01/25 22:22:30.698558 654.729 finished mode_change
2021/01/25 22:22:30.698593 654.764 start    mouse_on
2021/01/25 22:22:30.698620 654.793 finished mouse_on
2021/01/25 22:22:30.698645 654.818 start    flush
2021/01/25 22:22:30.698741 654.911 finished flush
2021/01/25 22:22:30.699379 655.521 start    option_set
2021/01/25 22:22:30.699467 655.640 finished option_set
2021/01/25 22:22:30.699484 655.657 start    default_colors_set
2021/01/25 22:22:30.699502 655.677 finished default_colors_set
2021/01/25 22:22:30.699548 655.722 start    grid_resize
2021/01/25 22:22:30.699758 655.926 finished grid_resize
2021/01/25 22:22:30.699790 655.963 start    grid_clear
2021/01/25 22:22:30.699858 656.028 finished grid_clear
2021/01/25 22:22:30.699879 656.052 start    grid_resize
2021/01/25 22:22:30.700431 656.577 finished grid_resize
2021/01/25 22:22:30.700537 656.701 start    msg_set_pos
2021/01/25 22:22:30.700722 656.886 finished msg_set_pos
2021/01/25 22:22:30.700779 656.947 start    win_pos
2021/01/25 22:22:30.700893 657.059 finished win_pos
2021/01/25 22:22:30.700940 657.107 start    win_viewport
2021/01/25 22:22:30.700977 657.149 finished win_viewport
2021/01/25 22:22:30.701014 657.183 start    tabline_update
2021/01/25 22:22:30.706426 662.592 finished tabline_update
2021/01/25 22:22:30.706474 662.646 start    grid_resize
2021/01/25 22:22:30.706636 662.807 finished grid_resize
2021/01/25 22:22:30.706658 662.832 start    grid_line
2021/01/25 22:22:30.706756 662.929 finished grid_line
2021/01/25 22:22:30.706772 662.947 start    win_viewport
2021/01/25 22:22:30.706785 662.960 finished win_viewport
2021/01/25 22:22:30.706797 662.972 start    grid_cursor_goto
2021/01/25 22:22:30.706810 662.985 finished grid_cursor_goto
2021/01/25 22:22:30.706822 662.997 start    flush
2021/01/25 22:22:30.706893 663.066 finished flush
2021/01/25 22:22:30.706923 663.097 start    mode_info_set
2021/01/25 22:22:30.706960 663.134 finished mode_info_set
2021/01/25 22:22:30.706983 663.150 start    mode_change
2021/01/25 22:22:30.706999 663.173 finished mode_change
2021/01/25 22:22:30.707011 663.186 start    mouse_on
2021/01/25 22:22:30.707023 663.198 finished mouse_on
2021/01/25 22:22:30.707035 663.210 start    flush
2021/01/25 22:22:30.707072 663.246 finished flush
2021/01/25 22:22:31.086993 1043.102 Start    preparing for deferred drawing UI
2021/01/25 22:22:31.119301 1075.458 Finished preparing the deferred drawing UI.
2021/01/25 22:22:38.216554 8172.710 start    grid_line
2021/01/25 22:22:38.216619 8172.789 finished grid_line
2021/01/25 22:22:38.216641 8172.815 start    flush
2021/01/25 22:22:38.216750 8172.920 finished flush
2021/01/25 22:22:38.216805 8172.976 start    grid_line
2021/01/25 22:22:38.216837 8173.010 finished grid_line
2021/01/25 22:22:38.216858 8173.028 start    grid_cursor_goto
2021/01/25 22:22:38.217895 8174.059 finished grid_cursor_goto
2021/01/25 22:22:38.217925 8174.097 start    mode_change
2021/01/25 22:22:38.218021 8174.191 finished mode_change
2021/01/25 22:22:38.218045 8174.219 start    flush
2021/01/25 22:22:38.218092 8174.264 finished flush
2021/01/25 22:22:38.221740 8177.899 start creating word cache: :
2021/01/25 22:22:38.222073 8178.243 finished creating word cache: :
2021/01/25 22:22:38.322845 8279.006 start    grid_line
2021/01/25 22:22:38.322907 8279.078 finished grid_line
2021/01/25 22:22:38.322927 8279.101 start    grid_cursor_goto
2021/01/25 22:22:38.322945 8279.119 finished grid_cursor_goto
2021/01/25 22:22:38.322962 8279.136 start    flush
2021/01/25 22:22:38.323071 8279.241 finished flush
2021/01/25 22:22:38.323210 8279.380 start creating word cache: :q
2021/01/25 22:22:38.323536 8279.705 finished creating word cache: :q
2021/01/25 22:22:38.577609 8533.764 start    grid_cursor_goto
2021/01/25 22:22:38.577663 8533.833 finished grid_cursor_goto
2021/01/25 22:22:38.577687 8533.860 start    flush
2021/01/25 22:22:38.577798 8533.966 finished flush
2021/01/25 22:22:38.588465 8544.619 start    grid_cursor_goto
2021/01/25 22:22:38.588522 8544.686 finished grid_cursor_goto
2021/01/25 22:22:38.588553 8544.724 start    mode_change
2021/01/25 22:22:38.588771 8544.938 finished mode_change
2021/01/25 22:22:38.588803 8544.974 start    flush
2021/01/25 22:22:38.588927 8545.093 finished flush
2021/01/25 23:13:58.054498 000.136 --- GONEOVIM STARTING ---
2021/01/25 23:13:58.054712 000.392 detecting home directory path
2021/01/25 23:13:58.055905 001.585 reading config
2021/01/25 23:13:58.055929 001.613 start    generating the application
2021/01/25 23:13:58.256546 202.214 finished generating the application
2021/01/25 23:13:58.256635 202.304 setting environment variable
2021/01/25 23:13:58.256656 202.339 set working directory path
2021/01/25 23:13:58.256938 202.619 initializing font
2021/01/25 23:13:58.257172 202.852 initializing svg images
2021/01/25 23:13:58.257213 202.894 initializing color palette
2021/01/25 23:13:58.257283 202.963 initializing notification UI
2021/01/25 23:13:58.257303 202.987 start    preparing the application window.
2021/01/25 23:13:58.297594 243.262 finished preparing the application window.
2021/01/25 23:13:58.303046 248.714 window layout done
2021/01/25 23:13:58.303092 248.775 done calculating the width of the font.
2021/01/25 23:13:58.303114 248.797 initialize workspace
2021/01/25 23:13:58.330502 276.161 initialazed UI components
2021/01/25 23:13:58.338986 284.649 assembled UI components
2021/01/25 23:13:58.339179 284.813 done initialazing workspaces
2021/01/25 23:13:58.339322 284.997 done connecting UI siganal
2021/01/25 23:13:58.339389 285.067 focused UI
2021/01/25 23:13:58.341542 287.143 starting nvim
2021/01/25 23:13:58.346023 291.678 done starting nvim
2021/01/25 23:13:58.346499 292.170 updating size of UI components
2021/01/25 23:13:58.346632 292.272 attaching UI
2021/01/25 23:13:58.445575 391.234 ui enter
2021/01/25 23:13:58.615667 561.330 vim enter
2021/01/25 23:13:58.626542 572.205 ui enter
2021/01/25 23:13:58.633093 578.756 start    option_set
2021/01/25 23:13:58.635877 581.550 finished option_set
2021/01/25 23:13:58.635908 581.590 start    default_colors_set
2021/01/25 23:13:58.635957 581.637 start    updating UI color
2021/01/25 23:13:58.637310 582.990 finished updating UI color
2021/01/25 23:13:58.637333 583.016 finished default_colors_set
2021/01/25 23:13:58.637346 583.031 start    hl_attr_define
2021/01/25 23:13:58.637440 583.123 finished hl_attr_define
2021/01/25 23:13:58.637459 583.141 start    hl_group_set
2021/01/25 23:13:58.637476 583.160 finished hl_group_set
2021/01/25 23:13:58.637489 583.174 start    hl_attr_define
2021/01/25 23:13:58.637504 583.188 finished hl_attr_define
2021/01/25 23:13:58.637516 583.201 start    hl_group_set
2021/01/25 23:13:58.637528 583.213 finished hl_group_set
2021/01/25 23:13:58.637540 583.225 start    hl_attr_define
2021/01/25 23:13:58.637554 583.238 finished hl_attr_define
2021/01/25 23:13:58.637566 583.251 start    hl_group_set
2021/01/25 23:13:58.637578 583.263 finished hl_group_set
2021/01/25 23:13:58.637591 583.274 start    hl_attr_define
2021/01/25 23:13:58.637606 583.291 finished hl_attr_define
2021/01/25 23:13:58.637618 583.303 start    hl_group_set
2021/01/25 23:13:58.637630 583.315 finished hl_group_set
2021/01/25 23:13:58.637642 583.327 start    hl_attr_define
2021/01/25 23:13:58.637661 583.345 finished hl_attr_define
2021/01/25 23:13:58.637675 583.359 start    hl_group_set
2021/01/25 23:13:58.637687 583.372 finished hl_group_set
2021/01/25 23:13:58.637698 583.384 start    hl_attr_define
2021/01/25 23:13:58.637714 583.398 finished hl_attr_define
2021/01/25 23:13:58.637726 583.411 start    hl_group_set
2021/01/25 23:13:58.637738 583.423 finished hl_group_set
